130
168
159
120
75
48
34
145
52
113
46
112
83
134
161
136
28
131
6
139
16
103
27
124
42
140
68
77
39
25
87
40
5
150
23
92
3
45
69
91
157
98
132
104
135
53
11
36
41
84
72
56
163
114
38
7
116
8
81
144
19
115
79
2
166
155
107
138
21
62
65
89
105
12
101
35
121
148
122
146
37
133
125
13
63
119
117
90
29
80
31
96
160
129
82
17
67
156
94
71
110
141
33
20
128
4
73
60
127
165
167
108
64
78
32
76
118
22
70
55
57
126
95
10
54
137
142
1
99
44
106
149
162
88
152
164
